1 12 2 4 5 6 9 12 15 18 24 26 33 42
2 2 1 18
3 5 8 12 18 24 44
4 7 1 5 7 9 10 15 18
5 8 1 4 6 15 17 18 24 33
6 8 1 5 8 12 15 24 26 33
7 7 4 8 9 10 15 17 33
8 9 3 6 7 12 15 18 24 26 33
9 7 1 4 7 10 15 18 41
10 6 4 7 9 15 17 41
12 9 1 3 6 8 18 24 25 26 42
15 12 1 4 5 6 7 8 9 10 17 18 26 33
17 7 5 7 10 15 24 33 40
18 12 1 2 3 4 5 8 9 12 15 24 26 33
24 11 1 3 5 6 8 12 17 18 26 33 40
25 1 12
26 9 1 6 8 12 15 18 24 33 42
33 10 1 5 6 7 8 15 17 18 24 26
40 2 17 24
41 3 9 10 44
42 3 1 12 26
43 1 44
44 3 3 41 43
